<Matrix row="13" col="13">
    <Row_0000000000 R0000000000_C0000000000="0000000000000000006.09190166041448044609" R0000000000_C0000000001="0000000000000000003.52993723920759805424" R0000000000_C0000000002="0000000000000000001.55179221712989523496" R0000000000_C0000000003="0000000000000000000.05556337636755159792" R0000000000_C0000000004="-000000000000000000.84806720533571766651" R0000000000_C0000000005="-000000000000000001.13518206246603803322" R0000000000_C0000000006="-000000000000000001.17257452685800611647" R0000000000_C0000000007="-000000000000000001.06168529672687395049" R0000000000_C0000000008="-000000000000000001.04900039386287335930" R0000000000_C0000000009="-000000000000000001.92259003982291165613" R0000000000_C0000000010="-000000000000000002.21894079919580633486" R0000000000_C0000000011="-000000000000000001.84268659126817180294" R0000000000_C0000000012="0000000000000000000.02153242241688424485" />
    <Row_0000000001 R0000000001_C0000000000="-000000000000000000.36310447812000790080" R0000000001_C0000000001="-000000000000000000.15457655833351280350" R0000000001_C0000000002="-000000000000000000.11935590139665785969" R0000000001_C0000000003="-000000000000000000.10613700588061592001" R0000000001_C0000000004="-000000000000000000.25762503420023952216" R0000000001_C0000000005="-000000000000000000.39701487840981775079" R0000000001_C0000000006="-000000000000000000.46446874230951529228" R0000000001_C0000000007="-000000000000000000.47520914320682372534" R0000000001_C0000000008="-000000000000000000.25090646350203682502" R0000000001_C0000000009="0000000000000000000.02109006576565608526" R0000000001_C0000000010="0000000000000000000.43225035449585069713" R0000000001_C0000000011="0000000000000000000.92812672174359400756" R0000000001_C0000000012="0000000000000000001.20693106335413302688" />
    <Row_0000000002 R0000000002_C0000000000="-000000000000000001.15782258129504089794" R0000000002_C0000000001="-000000000000000001.53014777912583221919" R0000000002_C0000000002="-000000000000000001.56621045377668055565" R0000000002_C0000000003="-000000000000000001.35247283529583772754" R0000000002_C0000000004="-000000000000000000.94704408138777917969" R0000000002_C0000000005="-000000000000000000.32617278118874137860" R0000000002_C0000000006="0000000000000000000.24165133190983656419" R0000000002_C0000000007="0000000000000000000.68272204532493274698" R0000000002_C0000000008="0000000000000000001.06612656610880218722" R0000000002_C0000000009="0000000000000000001.31160259453179639522" R0000000002_C0000000010="0000000000000000001.40078811656701773813" R0000000002_C0000000011="0000000000000000001.33124566811329225757" R0000000002_C0000000012="0000000000000000000.84573418951422807410" />
    <Row_0000000003 R0000000003_C0000000000="0000000000000000001.75919380823861626340" R0000000003_C0000000001="0000000000000000001.32350687424092194888" R0000000003_C0000000002="0000000000000000000.71196362036928029227" R0000000003_C0000000003="0000000000000000000.10238850598706106254" R0000000003_C0000000004="-000000000000000000.33351857513113936093" R0000000003_C0000000005="-000000000000000000.57142218004097689033" R0000000003_C0000000006="-000000000000000000.65095424295943882242" R0000000003_C0000000007="-000000000000000000.63763628145934880820" R0000000003_C0000000008="-000000000000000000.66448201394876260650" R0000000003_C0000000009="-000000000000000000.58351370134137958701" R0000000003_C0000000010="-000000000000000000.44874604368786652486" R0000000003_C0000000011="-000000000000000000.21529332973077996982" R0000000003_C0000000012="0000000000000000000.20851355946382055251" />
    <Row_0000000004 R0000000004_C0000000000="0000000000000000001.57504238097840043586" R0000000004_C0000000001="0000000000000000001.46360329978434666742" R0000000004_C0000000002="0000000000000000001.43478499745213605721" R0000000004_C0000000003="0000000000000000001.28556912580212090447" R0000000004_C0000000004="0000000000000000000.84575187053680545013" R0000000004_C0000000005="0000000000000000000.15477768537954328387" R0000000004_C0000000006="-000000000000000000.51099234072038357546" R0000000004_C0000000007="-000000000000000000.99037031965464206174" R0000000004_C0000000008="-000000000000000001.22256213698504256904" R0000000004_C0000000009="-000000000000000001.22854449788426856038" R0000000004_C0000000010="-000000000000000001.09828603438004912540" R0000000004_C0000000011="-000000000000000000.97899106283345083135" R0000000004_C0000000012="-000000000000000000.72978296747551385515" />
    <Row_0000000005 R0000000005_C0000000000="-000000000000000000.72091720707675643887" R0000000005_C0000000001="-000000000000000000.70903875291157603122" R0000000005_C0000000002="-000000000000000000.70780578061408339074" R0000000005_C0000000003="-000000000000000000.45783290700847062427" R0000000005_C0000000004="0000000000000000000.05003045806896658232" R0000000005_C0000000005="0000000000000000000.57908592409166170789" R0000000005_C0000000006="0000000000000000000.96941253821457751272" R0000000005_C0000000007="0000000000000000001.10015380337511969877" R0000000005_C0000000008="0000000000000000000.99668510531677401154" R0000000005_C0000000009="0000000000000000000.50718843149002323933" R0000000005_C0000000010="-000000000000000000.10554992376475685889" R0000000005_C0000000011="-000000000000000000.65589407891522255589" R0000000005_C0000000012="-000000000000000000.84551761026625760209" />
    <Row_0000000006 R0000000006_C0000000000="-000000000000000001.92950742801894525869" R0000000006_C0000000001="-000000000000000001.77487898618165296227" R0000000006_C0000000002="-000000000000000001.40036556297880920852" R0000000006_C0000000003="-000000000000000000.92785265157241658684" R0000000006_C0000000004="-000000000000000000.54668116944286659908" R0000000006_C0000000005="-000000000000000000.14762808288065687456" R0000000006_C0000000006="0000000000000000000.25186311725059873368" R0000000006_C0000000007="0000000000000000000.59094699821596585743" R0000000006_C0000000008="0000000000000000000.86326420520654756352" R0000000006_C0000000009="0000000000000000001.08231274041020908427" R0000000006_C0000000010="0000000000000000001.29764113010730186559" R0000000006_C0000000011="0000000000000000001.42414564196483328651" R0000000006_C0000000012="0000000000000000001.21674004791988954466" />
    <Row_0000000007 R0000000007_C0000000000="0000000000000000000.19028849907797062979" R0000000007_C0000000001="0000000000000000000.18040048346076154040" R0000000007_C0000000002="0000000000000000000.09567681763641278092" R0000000007_C0000000003="0000000000000000000.07539604533772903405" R0000000007_C0000000004="0000000000000000000.06376043944444975686" R0000000007_C0000000005="-000000000000000000.08663052862873743543" R0000000007_C0000000006="-000000000000000000.18422538683846856333" R0000000007_C0000000007="-000000000000000000.32338163370906414240" R0000000007_C0000000008="-000000000000000000.48236264473819290277" R0000000007_C0000000009="-000000000000000000.40040310679555701778" R0000000007_C0000000010="-000000000000000000.12440536867147355959" R0000000007_C0000000011="0000000000000000000.32435519169835524966" R0000000007_C0000000012="0000000000000000000.67153119272581318633" />
    <Row_0000000008 R0000000008_C0000000000="0000000000000000000.38893048702988330945" R0000000008_C0000000001="0000000000000000000.11046317014988060734" R0000000008_C0000000002="-000000000000000000.08394286559364205758" R0000000008_C0000000003="-000000000000000000.43130411331046980550" R0000000008_C0000000004="-000000000000000000.72192898734686261619" R0000000008_C0000000005="-000000000000000000.89101572932637607138" R0000000008_C0000000006="-000000000000000000.86978841670000628383" R0000000008_C0000000007="-000000000000000000.70277609959288245278" R0000000008_C0000000008="-000000000000000000.36772031316578424054" R0000000008_C0000000009="0000000000000000000.12869222575076655346" R0000000008_C0000000010="0000000000000000000.60211663076226096258" R0000000008_C0000000011="0000000000000000001.05500416528678298000" R0000000008_C0000000012="0000000000000000001.78326984605645266768" />
    <Row_0000000009 R0000000009_C0000000000="0000000000000000001.04062806383829054013" R0000000009_C0000000001="0000000000000000001.31908565820590784057" R0000000009_C0000000002="0000000000000000001.48984189145851919633" R0000000009_C0000000003="0000000000000000001.52698627454943425263" R0000000009_C0000000004="0000000000000000001.28014549644845354592" R0000000009_C0000000005="0000000000000000000.83159612877979749435" R0000000009_C0000000006="0000000000000000000.22013227712588023799" R0000000009_C0000000007="-000000000000000000.30335081818798126374" R0000000009_C0000000008="-000000000000000000.68502376576506562866" R0000000009_C0000000009="-000000000000000001.13352443297709171155" R0000000009_C0000000010="-000000000000000001.53239251556602074089" R0000000009_C0000000011="-000000000000000001.90596313552591034579" R0000000009_C0000000012="-000000000000000002.14816112238421430547" />
    <Row_0000000010 R0000000010_C0000000000="0000000000000000000.37638311399861623663" R0000000010_C0000000001="0000000000000000000.43816634824103517509" R0000000010_C0000000002="0000000000000000000.49639085662391180254" R0000000010_C0000000003="0000000000000000000.51630761755571119576" R0000000010_C0000000004="0000000000000000000.48948951904513404720" R0000000010_C0000000005="0000000000000000000.40012732499996073177" R0000000010_C0000000006="0000000000000000000.24401767661972814660" R0000000010_C0000000007="0000000000000000000.03336875263713706685" R0000000010_C0000000008="-000000000000000000.33714671513927052526" R0000000010_C0000000009="-000000000000000000.67106427183084826904" R0000000010_C0000000010="-000000000000000000.79738349870147684495" R0000000010_C0000000011="-000000000000000000.67689687703194023616" R0000000010_C0000000012="-000000000000000000.51175984701769816620" />
    <Row_0000000011 R0000000011_C0000000000="-000000000000000001.59630099903007849349" R0000000011_C0000000001="-000000000000000001.54495444210329258006" R0000000011_C0000000002="-000000000000000001.46753698079476047056" R0000000011_C0000000003="-000000000000000001.19458875680086640259" R0000000011_C0000000004="-000000000000000000.70020196396568512576" R0000000011_C0000000005="-000000000000000000.10936918165664627489" R0000000011_C0000000006="0000000000000000000.51851465961425502460" R0000000011_C0000000007="0000000000000000000.96367752638864279113" R0000000011_C0000000008="0000000000000000001.16978555794274319268" R0000000011_C0000000009="0000000000000000001.27481938237073499920" R0000000011_C0000000010="0000000000000000001.22096297298020983746" R0000000011_C0000000011="0000000000000000001.00874154768859991549" R0000000011_C0000000012="0000000000000000000.45645067736614353127" />
    <Row_0000000012 R0000000012_C0000000000="-000000000000000000.11585091480499531968" R0000000012_C0000000001="0000000000000000000.69418299063577748598" R0000000012_C0000000002="0000000000000000001.25862122521678010401" R0000000012_C0000000003="0000000000000000001.72812956517980076399" R0000000012_C0000000004="0000000000000000002.00642853359060069351" R0000000012_C0000000005="0000000000000000001.86742374057889826133" R0000000012_C0000000006="0000000000000000001.56971451245686299814" R0000000012_C0000000007="0000000000000000001.12375273160955568841" R0000000012_C0000000008="0000000000000000000.32712419626408628659" R0000000012_C0000000009="-000000000000000000.64512063268421382389" R0000000012_C0000000010="-000000000000000001.86185721899585132633" R0000000012_C0000000011="-000000000000000003.21190628566726577020" R0000000012_C0000000012="-000000000000000004.74064244338003604184" />
</Matrix>
